"MCV","fl","Coulter S-Plus",500
96,73
92,75
103,76
94,77
97,77
78,77
88,77
86,78
95,78
94,78
93,78
93,78
89,78
90,78
91,78
85,78
85,79
90,79
98,79
101,79
97,79
90,79
87,79
91,79
95,79
91,79
92,79
97,79
95,80
85,80
95,80
88,80
94,80
87,80
93,80
98,80
89,80
91,81
92,81
90,81
81,81
99,81
91,81
98,81
97,81
90,81
92,81
84,81
89,81
88,81
87,81
88,81
78,81
94,81
104,81
77,82
94,82
88,82
87,82
92,82
95,82
78,82
78,82
92,82
84,82
85,82
97,83
96,83
89,83
89,83
92,83
95,83
97,83
90,83
92,83
79,83
86,83
92,83
89,83
86,83
80,84
92,84
91,84
91,84
98,84
93,84
101,84
87,84
92,84
81,84
91,84
97,84
87,84
90,84
85,84
89,84
105,84
90,84
93,84
88,84
83,84
97,84
96,84
103,85
89,85
86,85
94,85
88,85
79,85
79,85
96,85
94,85
88,85
92,85
91,85
89,85
84,85
86,85
86,85
97,85
92,85
101,85
102,85
94,85
87,85
90,85
100,85
94,86
92,86
94,86
91,86
96,86
94,86
89,86
96,86
101,86
94,86
102,86
96,86
92,86
96,86
92,86
90,86
91,86
91,86
91,86
98,86
92,86
87,86
79,86
97,86
98,86
79,86
100,86
89,86
97,86
99,86
82,87
90,87
94,87
85,87
101,87
96,87
97,87
91,87
95,87
80,87
87,87
81,87
80,87
84,87
82,87
97,87
94,87
88,87
84,87
93,87
88,87
89,87
86,87
87,87
93,87
91,87
82,87
84,87
83,87
88,87
81,87
88,88
86,88
78,88
88,88
88,88
93,88
90,88
92,88
99,88
88,88
92,88
91,88
86,88
83,88
93,88
88,88
94,88
87,88
89,88
84,88
88,88
89,88
89,88
83,88
88,88
92,88
92,88
78,88
85,88
84,88
99,88
86,88
85,88
86,88
87,88
80,88
85,88
98,88
91,88
92,88
88,88
88,88
81,88
85,88
79,88
84,88
88,88
87,89
88,89
84,89
87,89
73,89
87,89
77,89
80,89
80,89
78,89
80,89
91,89
83,89
81,89
91,89
96,89
84,89
101,89
91,89
79,89
87,89
86,89
84,89
84,89
84,89
87,89
94,89
81,89
85,89
92,90
92,90
103,90
91,90
88,90
85,90
78,90
85,90
91,90
85,90
88,90
88,90
83,90
88,90
90,90
90,90
90,90
91,90
87,90
89,90
89,90
90,90
84,90
90,90
81,90
93,90
90,90
86,90
84,90
91,90
90,90
90,90
88,91
89,91
88,91
90,91
89,91
78,91
81,91
86,91
85,91
85,91
84,91
81,91
88,91
89,91
92,91
90,91
83,91
88,91
82,91
86,91
83,91
99,91
96,91
90,91
90,91
90,91
93,91
91,91
87,91
89,91
92,91
81,91
94,91
84,91
86,91
85,91
87,91
91,91
86,91
80,91
88,91
75,92
83,92
94,92
89,92
79,92
91,92
98,92
88,92
93,92
89,92
87,92
93,92
95,92
81,92
97,92
93,92
87,92
91,92
94,92
91,92
93,92
86,92
92,92
102,92
86,92
89,92
83,92
87,92
82,92
97,92
91,92
94,92
91,92
91,92
89,92
85,92
86,92
86,93
83,93
86,93
86,93
98,93
84,93
85,93
84,93
95,93
87,93
93,93
95,93
94,93
81,93
87,93
87,93
88,93
82,93
88,93
88,93
93,93
93,94
91,94
88,94
82,94
76,94
106,94
90,94
81,94
79,94
81,94
81,94
85,94
90,94
88,94
92,94
86,94
89,94
90,94
87,94
88,94
81,94
98,94
82,94
92,94
92,95
91,95
91,95
91,95
98,95
84,95
83,95
86,95
92,95
86,95
88,95
88,95
91,95
98,96
84,96
95,96
90,96
86,96
86,96
89,96
87,96
84,96
77,96
87,96
88,96
82,96
88,96
95,96
92,97
79,97
79,97
77,97
83,97
96,97
81,97
79,97
80,97
88,97
94,97
92,97
93,97
87,97
88,97
91,97
85,97
91,97
85,98
87,98
86,98
91,98
82,98
85,98
93,98
90,98
88,98
83,98
89,98
82,98
91,98
88,99
97,99
90,99
92,99
94,99
98,100
97,100
92,101
96,101
95,101
97,101
92,101
85,101
92,102
86,102
90,102
94,103
89,103
96,103
93,104
88,105
96,106
