"colesterolo","mg/dl","CHOD-PAP",100
125,123
125,125
154,125
200,126
206,145
212,147
254,148
261,149
265,150
254,150
223,154
225,156
224,158
235,158
245,164
248,168
235,175
221,175
201,175
205,175
216,178
218,178
200,179
185,184
189,184
191,185
175,185
150,186
126,186
158,186
178,186
179,188
188,188
184,189
156,189
186,189
215,190
245,191
251,195
240,198
230,200
222,200
225,201
235,201
246,201
248,205
209,205
208,205
216,206
218,208
240,208
241,209
250,209
235,212
238,214
251,215
245,216
230,216
220,216
201,218
208,218
190,220
195,221
198,222
175,223
164,224
150,225
148,225
147,230
149,230
158,234
168,235
178,235
188,235
185,235
184,238
186,240
175,240
186,240
123,241
145,241
189,245
186,245
175,245
189,245
205,245
216,246
214,248
250,248
272,250
245,250
265,250
241,251
201,251
205,254
209,254
245,261
250,265
234,265
240,272
